[Variables]
saved_z_offset = -2.5850000000000004
z_offset_backup = -2.475000000000001
z_offset_range_maximum = -0.01
z_offset_range_minimum = -3

